-- templatesテーブル
ALTER TABLE template_engineer_skills auto_increment = 1;
INSERT INTO template_engineer_skills (template_id,engineer_skill_id,score)
VALUES 
(1,1,90),(1,2,80),(1,3,70),(1,4,60),(1,5,50),(1,6,40),(1,7,20),
(2,1,50),(2,2,50),(2,3,50),(2,4,50),(2,5,50),(2,6,50),(2,7,50),
(3,1,70),(3,2,70),(3,3,70),(3,4,70),(3,5,70),(3,6,70),(3,7,70),
(4,1,90),(4,2,90),(4,3,80),(4,4,70),(4,5,100),(4,6,50),(4,7,60),
(5,1,50),(5,2,50),(5,3,50),(5,4,50),(5,5,50),(5,6,50),(5,7,50),
(6,1,70),(6,2,70),(6,3,70),(6,4,70),(6,5,70),(6,6,70),(6,7,70),
(7,8,70),(7,9,70),(7,10,70),(7,11,70),(7,12,70),(7,13,70),(7,14,70),
(8,8,50),(8,9,50),(8,10,50),(8,11,50),(8,12,50),(8,13,50),(8,14,50),
(9,8,90),(9,9,90),(9,10,80),(9,11,70),(9,12,100),(9,13,50),(9,14,60),
(10,15,70),(10,16,70),(10,17,70),(10,18,70),(10,19,70),(10,20,70),(10,21,70),
(11,15,50),(11,16,50),(11,17,50),(11,18,50),(11,19,50),(11,20,50),(11,21,50),
(12,15,90),(12,16,90),(12,17,80),(12,18,70),(12,19,100),(12,20,50),(12,21,60);

SELECT * FROM template_engineer_skills;
