-- templatesテーブル
ALTER TABLE template_basic_skills auto_increment = 1;
INSERT INTO template_basic_skills (template_id,basic_skill_id,score)
VALUES 
(1,1,3),(1,2,3),(1,3,3),(1,4,3),(1,5,3),(1,6,3),
(2,1,4),(2,2,4),(2,3,4),(2,4,4),(2,5,4),(2,6,4),
(3,1,5),(3,2,5),(3,3,5),(3,4,5),(3,5,5),(3,6,5),
(4,1,3),(4,2,4),(4,3,5),(4,4,5),(4,5,3),(4,6,4),
(5,1,3),(5,2,3),(5,3,3),(5,4,3),(5,5,3),(5,6,3),
(6,1,2),(6,2,1),(6,3,2),(6,4,1),(6,5,2),(6,6,1),
(7,7,3),(7,8,3),(7,9,3),(7,10,3),(7,11,3),(7,12,3),
(8,7,3),(8,8,5),(8,9,4),(8,10,3),(8,11,5),(8,12,3),
(9,7,2),(9,8,3),(9,9,3),(9,10,2),(9,11,3),(9,12,3),
(10,13,3),(10,14,3),(10,15,3),(10,16,3),(10,17,3),(10,18,3),
(11,13,3),(11,14,5),(11,15,1),(11,16,3),(11,17,1),(11,18,3),
(12,13,4),(12,14,3),(12,15,4),(12,16,3),(12,17,4),(12,18,3);

SELECT * FROM template_basic_skills;
